1530082791337, 24.75, -34.92, 214.19, 0.43, -33.49, 21.85
1530082791510, 25.92, -36.83, 221.21, 4.14, -28.74, 22.61
1530082792171, 25.06, -30.92, 192.17, 4.73, -35.32, 22.15
1530082792512, 28.86, -36.35, 214.19, 2.86, -39.1, 22.21
1530082792706, 28.78, -35.35, 211.83, -25.25, 6.3, 31.55
1530082792888, 28.51, -36.52, 216.65, 5.15, -39.71, 23.34
1530082793733, 22.76, -30.55, 192.72, 2.28, -47.6, 20.74
1530082793919, 22.79, -31.34, 196.18, 3.31, -48.17, 21.88
1530082794113, 22.75, -30.58, 196.1, 5.16, -50.43, 21.61
1530082794296, 22.81, -30.25, 194.53, 92.71, -26.17, 11.2
1530082794486, 22.66, -29.68, 191.55, 5.64, -55.55, 23.85
1530082794673, 22.86, -30.75, 196.67, 4.15, -55.29, 22.65
1530082794863, 24.5, -33.25, 211.98, -3.71, -28.84, 27.08
1530082795056, 23.98, -32.85, 211.52, 7.49, -59.84, 24.74
1530082795253, 21.97, -31.12, 199.19, 5.2, -58.88, 23.95
1530082795462, 21.5, -30.82, 197.45, 6.37, -61.15, 23.96
1530082795643, 20.94, -31.26, 199.59, 5.87, -62.33, 24.57
1530082795846, 20.56, -30.88, 200.12, 5.93, -64.33, 24.36
1530082796056, 21.99, -33.29, 216.94, 10.4, -68.42, 27.43
1530082796232, 20.07, -30.63, 202.01, 8.73, -68.52, 26.46
1530082796423, 20.41, -30.94, 203.19, 11.28, -70.06, 28.03
1530082796613, 19.75, -30.22, 200.53, 11.2, -69.76, 29.07
1530082796805, 20.0, -29.83, 199.59, 12.89, -71.17, 30.72
1530082796985, 20.73, -30.57, 203.2, 13.67, -70.46, 31.73
1530082797174, 20.49, -30.22, 201.84, 15.05, -69.77, 33.32
1530082797362, 20.49, -30.35, 201.44, 10.6, -67.1, 29.72
1530082797556, 21.28, -31.25, 208.03, 8.58, -64.53, 27.41
1530082797737, 22.61, -32.8, 218.6, 11.2, -64.4, 29.43
1530082797923, 20.67, -30.06, 199.09, 5.82, -58.69, 25.14
1530082798118, 20.45, -29.93, 198.32, 5.13, -56.29, 24.82
1530082798302, 19.95, -29.93, 199.63, 3.97, -54.18, 24.01
1530082798482, 20.33, -31.14, 207.97, 4.56, -54.1, 24.4
1530082798679, 19.92, -30.8, 206.56, 5.62, -53.29, 24.57
1530082798859, 19.21, -29.89, 200.53, 4.01, -49.1, 23.77
1530082799046, 18.72, -29.82, 198.52, 2.67, -48.29, 23.6
1530082799660, 22.14, -35.03, 222.49, 3.78, -38.12, 25.11
1530082814767, 26.4, -35.14, 290.3, -15.11, -13.61, 22.46
1530082814965, 27.71, -33.05, 306.7, -6.21, -26.2, 20.9
1530082816015, 29.71, -35.83, 298.77, 6.59, -1.28, 22.82
1530082816219, 30.0, -34.99, 298.17, 2.11, 8.56, 22.13
1530082816451, 28.07, -30.6, 262.88, -11.38, -7.27, 20.11
1530082816638, 30.71, -36.23, 299.61, 4.53, 2.03, 22.53
1530082817645, 31.92, -37.29, 307.46, -9.81, -8.17, 22.13
1530082817827, 29.6, -33.94, 295.75, 3.13, -0.31, 23.08
1530082818024, 29.49, -36.78, 310.1, 8.95, -6.92, 22.59
1530082818246, 27.44, -34.71, 310.06, 13.0, -5.39, 23.7
1530082818455, 28.33, -34.86, 318.08, 4.19, 0.22, 23.03
1530082818643, 27.81, -34.93, 323.53, 10.07, -2.41, 22.69
1530082818825, 23.0, -29.79, 283.13, 10.85, -1.94, 20.74
1530082819014, 23.65, -28.85, 287.38, 10.52, -0.66, 20.29
1530082819201, 23.6, -28.09, 289.43, 9.28, -1.22, 21.16
1530082819387, 24.13, -27.61, 294.38, -0.79, 0.86, 20.44
1530082819579, 23.53, -27.32, 295.27, 3.69, 3.07, 20.48
1530082820232, 22.59, -26.14, 302.62, 10.58, 4.75, 20.97
1530082820609, 21.48, -25.67, 298.82, -8.63, -7.24, 21.15
1530082820949, 21.0, -26.14, 298.77, -8.77, -7.22, 21.13
1530082821449, 22.36, -26.54, 302.24, 11.86, 4.2, 20.94
1530082821795, 22.52, -26.55, 299.92, 8.41, -4.5, 20.13
1530082821996, 23.7, -27.31, 303.42, 6.97, 3.67, 20.26
1530082822480, 24.22, -27.99, 307.72, 7.84, 1.87, 19.94
1530082822671, 23.49, -27.91, 306.56, 11.36, 5.01, 20.52
1530082822859, 23.62, -28.28, 309.8, 7.0, 3.74, 20.72
1530082823065, 23.74, -27.6, 309.2, 16.04, 0.11, 20.48
1530082823783, 21.9, -27.13, 317.83, 1.45, 3.66, 21.75
1530082823982, 21.87, -27.03, 322.03, 5.75, 7.52, 21.18
1530082824322, 21.36, -26.12, 318.71, -10.76, 1.63, 21.98
1530082824529, 21.38, -26.98, 324.22, 5.48, -4.43, 22.67
1530082824734, 22.02, -26.66, 325.12, 11.09, 5.31, 21.16
1530082824920, 21.95, -26.08, 313.33, -14.77, -7.64, 20.82
1530082825108, 22.76, -27.36, 331.09, -9.35, 5.48, 22.68
1530082825295, 22.89, -27.03, 322.02, 5.79, 7.39, 21.17
1530082825482, 23.45, -27.28, 323.5, 7.46, 3.95, 21.67
1530082825831, 23.45, -28.14, 321.7, -12.14, -3.71, 21.2
1530082826200, 23.74, -28.64, 313.75, 7.11, 3.75, 22.42
1530082826539, 23.4, -28.29, 299.8, 1.14, 5.52, 21.98
1530082826735, 25.53, -31.12, 351.14, -2.52, -11.2, 20.45
1530082826923, 27.64, -28.77, 329.69, 5.43, 4.38, 22.46
1530082827110, 25.45, -30.81, 324.45, 8.84, 7.25, 22.65
1530082827294, 26.39, -33.87, 334.33, 14.76, 3.46, 23.97
1530082827493, 29.31, -32.59, 331.36, 1.59, 4.19, 23.64
1530082827676, 28.14, -33.32, 321.03, 5.69, 8.34, 23.32
1530082827862, 28.03, -34.25, 304.29, 8.09, 9.45, 22.67
1530082828072, 30.19, -37.89, 309.44, 9.61, 0.01, 20.73
1530082828264, 30.42, -37.28, 295.64, 8.31, 8.61, 22.64
1530082828462, 32.89, -37.53, 296.5, 6.47, 3.27, 21.84
1530082843827, 13.02, -31.04, 113.5, 4.18, -60.38, 20.78
1530082844005, 13.24, -32.11, 117.56, 10.88, -62.5, 24.75
1530082844204, 13.88, -32.55, 121.09, 9.7, -62.07, 24.5
1530082844393, 13.89, -32.69, 121.73, 10.45, -64.1, 25.53
1530082844581, 13.82, -32.57, 122.3, 12.68, -66.33, 27.94
1530082844768, 13.65, -32.64, 122.86, 12.96, -68.29, 28.45
1530082844953, 13.33, -32.64, 124.36, 16.75, -70.47, 31.45
1530082845135, 12.32, -31.75, 119.04, 21.5, -75.1, 34.73
1530082845324, 11.83, -31.82, 120.4, 24.14, -76.81, 37.3
1530082845677, 11.43, -31.69, 121.02, 22.7, -76.66, 35.95
1530082845867, 11.33, -31.7, 122.65, 14.25, -71.04, 28.51
1530082846049, 12.16, -32.08, 128.07, 10.36, -68.82, 25.91
1530082846226, 11.78, -31.48, 127.87, 6.01, -66.71, 23.18
1530082846612, 7.15, -26.91, 135.86, -7.33, -65.83, 10.14
1530082846795, 1.98, -27.19, 151.02, -15.93, -73.6, -0.4
